172293
172307
172306
172306
169737
311122
311122
172557
172558
171787
171792
171792
172195
172195
172196
172196
176717
171784
171784
172553
171791
171791
171793
171793
174994
175616
175698
175694
175691
175700
175700
174903
174903
174902
174902
175139
176726
176724
176720
176720
176718
176718
176722
176715
176715
176576
176731
176731
177129
191104
191110
175907
175907
190252
305569
174184
174184
297853
190835
190838
191428
171941
171941
194348
194348
194349
332952
193659
192961
153796
287156
194019
194381
157289
154850
154842
154839
168380
154448
251528
64174
64174
62816
64026
64026
63975
63975
154834
63976
154450
62808
62808
157297
62817
169421
169421
64025
64025
172308
62812
154460
154456
56880
64173
251543
251542
251533
251533
298675
298675
304316
180911
255258
255258
255259
255259
283589
283589
304315
251524
251527
251527
251528
298681
56881
154451
298681
154451
64176
56879
63976
56878
162820
288232
168379
154463
154447
154449
154450
154733
168054
154459
154459
154457
154452
154848
154726
154454
297866
254964
288218
288218
192911
284284
284284
254967
254967
284283
284283
303235
303235
297868
288224
288224
288220
288220
294299
294299
297852
294304
294304
294293
294293
297848
1
297896
297896
304311
194333
298674
298674
298677
298677
303221
303221
297885
297885
297870
303300
303300
304313
303229
303229
302542
302542
302547
302547
307462
307458
302543
302543
182400
302557
302557
307577
310905
310905
310895
310895
307459
307460
310896
310896
307573
307568
178053
311460
311520
311521
314403
314403
311648
311533
311524
311652
64177
314492
314492
314316
314319
314508
314508
314499
314499
314506
314506
314406
314406
314399
314399
314400
314400
314402
314402
314404
314513
314272
311764
322823
322832
322835
325596
322850
322794
322769
323067
325618
325476
325680
325681
192186
325682
325641
325658
325633
330364
332924
332927
325635
332990
332991
332992
332928
332994
332995
332993
330361
330362
333013
333057
336335
336319
336468
336567
336569
336565
336576
337557
337558
337566
337588
337576
337539
340924
341442
340926
340784
340918
59786
1579
1546
805
789
790
1026
1028
795
1190
978
1693
1494
2633
1545
793
1695
1695
1569
1570
1597
1600
1677
1581
975
1635
297865
27914
13903
1615
1461
1501
1502
154918
1568
5247
178797
1522
1198
1687
1495
34620
34620
34620
34620
34620
34620
34620
34620
34620
1481
1563
1564
1212
1519
1473
1705
1561
1470
785
1671
1607
1209
1614
1616
1616
1516
969
181919
7285
7285
1707
2634
18460
1195
54739
2174
2488
36623
1185
1193
45770
2466
2350
7457
7457
2429
27828
27828
2932
2935
21540
15361
181916
45741
181917
2928
1535
3813
182371
2629
2629
9909
10725
10725
9905
8746
8746
14655
45765
13151
10042
10748
10748
178661
13806
10755
13871
13871
22991
14692
18456
1004
1006
14661
15728
16683
13159
41132
41132
18136
22876
22876
67570
154927
40478
44209
47127
5248
5249
50998
14297
157627
62150
62150
46145
41110
47804
47804
44234
62151
62151
50001
41008
49636
61093
52923
50782
52313
41111
49511
53873
178773
45287
67560
67561
67561
53786
53786
56923
56923
54935
61135
61136
61137
56856
56856
154843
53871
53871
56462
62149
62149
54934
61138
53870
67571
59738
59768
59762
65824
65824
61139
61140
62148
62148
45760
45974
28828
45767
28829
45769
28830
29294
45762
45970
45764
63239
61066
61066
65775
65775
65655
65655
61089
61089
63380
62042
62042
62037
62037
153614
153617
67554
67554
67581
67581
152374
63379
63379
64038
64038
801
153485
153595
153616
153509
153615
155057
155306
155307
161960
162805
162014
157705
157713
162588
156774
163086
157104
161944
161964
161962
179067
162831
162589
163106
162595
163052
168453
168055
169232
162015
162015
163363
169235
169740
169740
168451
169237
168186
169738
169236
167089
171796
174830
174830
172566
172566
172567
172568
167081
46862
174831
174839
180645
174493
174493
174185
174185
169566
176216
176216
169546
176577
176577
176579
176579
176580
176580
175122
175123
175921
177264
177607
178868
175906
174185
174185
174185
176851
179091
176014
191109
191406
191103
191120
177078
191453
190837
192779
192780
191427
192935
297890
251534
251534
194047
307454
193728
192960
194267
254785
251541
255230
254742
254742
314166
314166
314167
314167
194375
194375
194374
254963
288217
288217
192910
255211
255211
254965
254965
254966
254966
254968
254968
297906
301066
303132
303132
314169
314169
314170
314170
314171
314171
297856
301065
294303
294303
294292
294292
298682
297895
297895
297874
298019
288223
288223
298594
288219
288219
298736
298736
297903
297903
298012
298012
298013
298013
298014
298014
311603
298683
302535
302535
303234
303234
337600
322820
294298
294298
297904
297904
297855
301064
307455
298015
298015
302568
302568
300862
298005
321917
297869
303228
303228
303227
303227
303294
303220
303220
297884
297884
302541
302541
303127
303127
302546
302546
307457
303133
302556
307576
310904
310904
310894
307572
310892
310892
310886
310886
311532
307461
178799
67562
67563
67565
28820
28820
2220
2852
2852
3318
3318
3319
3319
9032
9032
66939
66939
66940
66942
66942
66943
66943
153620
153621
311606
311604
311647
311534
311523
311651
314486
314486
314491
314491
314315
314315
314507
314507
314498
314505
314505
314405
314405
314502
314502
314503
314503
314489
314488
314488
314273
314273
322836
322804
322803
322822
322831
322834
325595
322849
322793
322842
322770
325617
325475
325640
325675
325614
325619
325632
325657
325672
325674
325638
332923
325634
333010
333011
332989
332930
333008
333005
332975
336324
336318
336467
336473
336745
336746
336750
336566
336568
336469
336470
336471
336570
336753
337556
337565
337581
337537
337587
337575
337574
337716
337714
340927
337682
340925
340783
337680